1.0,0.0,0.0,0.0,1.0,0.0,0.0,0.0,1.0,0.1992,0.0,0.7535,0.0
0.999999994467917,0.0,0.00010518633959067241,0.0,1.0,0.0,-0.00010518633959067241,0.0,0.999999994467917,0.19923568668075217,0.0,0.7535421147336129,0.0
0.999999911881821,0.0,0.00041980513371468693,0.0,1.0,0.0,-0.00041980513371468693,0.0,0.999999911881821,0.19934245417413154,0.0,0.753668060081447,0.0
0.999999555897708,0.0,0.000942445959628877,0.0,1.0,0.0,-0.000942445959628877,0.0,0.999999555897708,0.19951990261036182,0.0,0.7538772047005328,0.0
0.9999986027117537,0.0,0.0016716981008225204,0.0,1.0,0.0,-0.0016716981008225204,0.0,0.9999986027117537,0.19976768305491785,0.0,0.7541688738895317,0.0
0.9999966039847564,0.0,0.002606150217110501,0.0,1.0,0.0,-0.002606150217110501,0.0,0.9999966039847564,0.20008549622565824,0.0,0.7545423504487596,0.0
0.9999929897475915,0.0,0.0037443898933292603,0.0,1.0,0.0,-0.0037443898933292603,0.0,0.9999929897475915,0.2004730911763763,0.0,0.7549968754851594,0.0
0.9999870712882989,0.0,0.005085003072815445,0.0,1.0,0.0,-0.005085003072815445,0.0,0.9999870712882989,0.20093026394861777,0.0,0.7555316491649107,0.0
0.9999780440215758,0.0,0.006626573381735627,0.0,1.0,0.0,-0.006626573381735627,0.0,0.9999780440215758,0.20145685619351486,0.0,0.7561458314163665,0.0
0.9999649903415725,0.0,0.008367681350226,0.0,1.0,0.0,-0.008367681350226,0.0,0.9999649903415725,0.20205275376529852,0.0,0.7568385425860089,0.0
0.9999468824590112,0.0,0.010306903536193778,0.0,1.0,0.0,-0.010306903536193778,0.0,0.9999468824590112,0.20271788528806564,0.0,0.7576088640501115,0.0
0.9999225852237481,0.0,0.01244281155752731,0.0,1.0,0.0,-0.01244281155752731,0.0,0.9999225852237481,0.2034522206973024,0.0,0.7584558387847904,0.0
0.9998908589339928,0.0,0.014773971038359625,0.0,1.0,0.0,-0.014773971038359625,0.0,0.9998908589339928,0.2042557697575928,0.0,0.7593784718971162,0.0
0.9998503621334769,0.0,0.017298940474930673,0.0,1.0,0.0,-0.017298940474930673,0.0,0.9998503621334769,0.20512858055787608,0.0,0.7603757311199443,0.0
0.9997996543979331,0.0,0.0200162700264965,0.0,1.0,0.0,-0.0200162700264965,0.0,0.9997996543979331,0.20607073798555653,0.0,0.7614465472731079,0.0
0.9997371991122969,0.0,0.022924500236639354,0.0,1.0,0.0,-0.022924500236639354,0.0,0.9997371991122969,0.20708236218071624,0.0,0.7625898146935971,0.0
0.9996613662400939,0.0,0.026022160690241554,0.0,1.0,0.0,-0.026022160690241554,0.0,0.9996613662400939,0.20816360697163083,0.0,0.7638043916373245,0.0
0.9995704350865059,0.0,0.029307768611296643,0.0,1.0,0.0,-0.029307768611296643,0.0,0.9995704350865059,0.20931465829274543,0.0,0.7650891006550602,0.0
0.9994625970566335,0.0,0.03277982740664567,0.0,1.0,0.0,-0.03277982740664567,0.0,0.9994625970566335,0.21053573258622846,0.0,0.7664427289450838,0.0
0.99933595841049,0.0,0.03643682516064269,0.0,1.0,0.0,-0.03643682516064269,0.0,0.99933595841049,0.2118270751881878,0.0,0.7678640286850801,0.0
0.999188543016263,0.0,0.0402772330856723,0.0,1.0,0.0,-0.0402772330856723,0.0,0.999188543016263,0.2131889587006026,0.0,0.7693517173457703,0.0
0.9990182951033769,0.0,0.044299503933364064,0.0,1.0,0.0,-0.044299503933364064,0.0,0.9990182951033769,0.21462168135000162,0.0,0.7709044779887395,0.0
0.9988230820168806,0.0,0.048502070371271244,0.0,1.0,0.0,-0.048502070371271244,0.0,0.9988230820168806,0.21612556533389474,0.0,0.7725209595508837,0.0
0.9986006969746577,0.0,0.05288334332970819,0.0,1.0,0.0,-0.05288334332970819,0.0,0.9986006969746577,0.21770095515595056,0.0,0.7741997771178677,0.0
0.9983488618289331,0.0,0.05744171032336787,0.0,1.0,0.0,-0.05744171032336787,0.0,0.9983488618289331,0.2193482159508977,0.0,0.775939512188942,0.0
0.9980652298335115,0.0,0.062175533752270674,0.0,1.0,0.0,-0.062175533752270674,0.0,0.9980652298335115,0.2210677318001198,0.0,0.777738712935428,0.0
0.9977473884181397,0.0,0.06708314918652769,0.0,1.0,0.0,-0.06708314918652769,0.0,0.9977473884181397,0.22285990403890638,0.0,0.7795958944551395,0.0
0.9973928619713353,0.0,0.07216286363933382,0.0,1.0,0.0,-0.07216286363933382,0.0,0.9973928619713353,0.22472514955632134,0.0,0.7815095390249647,0.0
0.9969991146329674,0.0,0.07741295383254063,0.0,1.0,0.0,-0.07741295383254063,0.0,0.9969991146329674,0.22666389908864923,0.0,0.7834780963537834,0.0
0.9965635530978122,0.0,0.08283166445909484,0.0,1.0,0.0,-0.08283166445909484,0.0,0.9965635530978122,0.2286765955073839,0.0,0.7854999838378542,0.0
0.9960835294312348,0.0,0.088417206446564,0.0,1.0,0.0,-0.088417206446564,0.0,0.9960835294312348,0.2307636921027304,0.0,0.7875735868207505,0.0
0.9955563438980807,0.0,0.09416775522590834,0.0,1.0,0.0,-0.09416775522590834,0.0,0.9955563438980807,0.2329256508635979,0.0,0.7896972588598775,0.0
0.9949792478057718,0.0,0.10008144900959604,0.0,1.0,0.0,-0.10008144900959604,0.0,0.9949792478057718,0.23516294075507438,0.0,0.7918693220015502,0.0
0.9943494463625269,0.0,0.10615638708309667,0.0,1.0,0.0,-0.10615638708309667,0.0,0.9943494463625269,0.23747603599438477,0.0,0.7940880670665591,0.0
0.9936641015515263,0.0,0.11239062811372648,0.0,1.0,0.0,-0.11239062811372648,0.0,0.9936641015515263,0.23986541432635056,0.0,0.7963517539480913,0.0
0.9929203350217589,0.0,0.11878218848075708,0.0,1.0,0.0,-0.11878218848075708,0.0,0.9929203350217589,0.24233155529938455,0.0,0.7986586119238268,0.0
0.9921152309961803,0.0,0.12532904063063718,0.0,1.0,0.0,-0.12532904063063718,0.0,0.9921152309961803,0.24487493854307307,0.0,0.8010068399839613,0.0
0.9912458391977181,0.0,0.13202911146111518,0.0,1.0,0.0,-0.13202911146111518,0.0,0.9912458391977181,0.24749604204841696,0.0,0.8033946071768563,0.0
0.9903091777935505,0.0,0.1388802807379864,0.0,1.0,0.0,-0.1388802807379864,0.0,0.9903091777935505,0.25019534045182423,0.0,0.8058200529739518,0.0
0.989302236357977,0.0,0.14588037954812655,0.0,1.0,0.0,-0.14588037954812655,0.0,0.989302236357977,0.25297330332396795,0.0,0.8082812876555135,0.0
0.98822197885409,0.0,0.1530271887924055,0.0,1.0,0.0,-0.1530271887924055,0.0,0.98822197885409,0.2558303934646459,0.0,0.8107763927187291,0.0
0.9870653466343418,0.0,0.16031843772201243,0.0,1.0,0.0,-0.16031843772201243,0.0,0.9870653466343418,0.25876706520480225,0.0,0.8133034213095942,0.0
0.9858292614599834,0.0,0.167751802521653,0.0,1.0,0.0,-0.167751802521653,0.0,0.9858292614599834,0.2617837627168934,0.0,0.8158603986799692,0.0
0.9845106285392371,0.0,0.17532490494301217,0.0,1.0,0.0,-0.17532490494301217,0.0,0.9845106285392371,0.2648809183348063,0.0,0.8184453226711181,0.0
0.9831063395839402,0.0,0.18303531099180426,0.0,1.0,0.0,-0.18303531099180426,0.0,0.9831063395839402,0.2680589508845599,0.0,0.8210561642249701,0.0
0.9816132758842797,0.0,0.1908805296716587,0.0,1.0,0.0,-0.1908805296716587,0.0,0.9816132758842797,0.2713182640270446,0.0,0.8236908679242739,0.0
0.9800283114011131,0.0,0.19885801178801651,0.0,1.0,0.0,-0.19885801178801651,0.0,0.9800283114011131,0.27465924461407887,0.0,0.8263473525627494,0.0
0.9783483158752458,0.0,0.20696514881513303,0.0,1.0,0.0,-0.20696514881513303,0.0,0.9783483158752458,0.2780822610590854,0.0,0.8290235117462563,0.0
0.9765701579529144,0.0,0.21519927182920484,0.0,1.0,0.0,-0.21519927182920484,0.0,0.9765701579529144,0.2815876617237108,0.0,0.8317172145259397,0.0
0.9746907083265955,0.0,0.22355765051055476,0.0,1.0,0.0,-0.22355765051055476,0.0,0.9746907083265955,0.2851757733217368,0.0,0.8344263060642236,0.0
0.9727068428901425,0.0,0.23203749221772652,0.0,1.0,0.0,-0.23203749221772652,0.0,0.9727068428901425,0.28884689934165064,0.0,0.8371486083344585,0.0
0.9706154459071169,0.0,0.24063594113624973,0.0,1.0,0.0,-0.24063594113624973,0.0,0.9706154459071169,0.2926013184892631,0.0,0.8398819208549437,0.0
0.968413413191069,0.0,0.2493500775047479,0.0,1.0,0.0,-0.2493500775047479,0.0,0.968413413191069,0.2964392831517817,0.0,0.8426240214579711,0.0
0.9660976552963907,0.0,0.25817691692096756,0.0,1.0,0.0,-0.25817691692096756,0.0,0.9660976552963907,0.3003610178847634,0.0,0.8453726670944559,0.0
0.9636651007182425,0.0,0.2671134097302107,0.0,1.0,0.0,-0.2671134097302107,0.0,0.9636651007182425,0.30436671792338965,0.0,0.8481255946746401,0.0
0.9611126990999391,0.0,0.27615644049855126,0.0,1.0,0.0,-0.27615644049855126,0.0,0.9611126990999391,0.30845654771951786,0.0,0.8508805219452742,0.0
0.9584374244460535,0.0,0.2853028275731167,0.0,1.0,0.0,-0.2853028275731167,0.0,0.9584374244460535,0.31263063950598,0.0,0.8536351484035996,0.0
0.955636278339386,0.0,0.29454932273160556,0.0,1.0,0.0,-0.29454932273160556,0.0,0.955636278339386,0.316889091889607,0.0,0.8563871562483715,0.0
0.9527062931598267,0.0,0.3038926109231062,0.0,1.0,0.0,-0.3038926109231062,0.0,0.9527062931598267,0.32123196847446917,0.0,0.8591342113680829,0.0
0.9496445353030261,0.0,0.3133293101021666,0.0,1.0,0.0,-0.3133293101021666,0.0,0.9496445353030261,0.32565929651682834,0.0,0.861873964366459,0.0
0.9464481083966818,0.0,0.3228559711579496,0.0,1.0,0.0,-0.3228559711579496,0.0,0.9464481083966818,0.330171065613303,0.0,0.8646040516252173,0.0
0.9431141565121368,0.0,0.3324690779401907,0.0,1.0,0.0,-0.3324690779401907,0.0,0.9431141565121368,0.33476722642375006,0.0,0.8673220964039947,0.0
0.9396398673688838,0.0,0.342165047383549,0.0,1.0,0.0,-0.342165047383549,0.0,0.9396398673688838,0.33944768943036785,0.0,0.8700257099772668,0.0
0.9360224755294682,0.0,0.35194022973181993,0.0,1.0,0.0,-0.35194022973181993,0.0,0.9360224755294682,0.3442123237345208,0.0,0.8727124928079927,0.0
0.9322592655821845,0.0,0.3617909088633461,0.0,1.0,0.0,-0.3617909088633461,0.0,0.9322592655821845,0.34906095589278346,0.0,0.8753800357576398,0.0
0.9283475753088694,0.0,0.3717133027188334,0.0,1.0,0.0,-0.3717133027188334,0.0,0.9283475753088694,0.3539933687936929,0.0,0.8780259213321547,0.0
0.9242847988350023,0.0,0.3817035638326414,0.0,1.0,0.0,-0.3817035638326414,0.0,0.9242847988350023,0.3590093005766887,0.0,0.8806477249633641,0.0
0.9200683897592439,0.0,0.39175777996848005,0.0,1.0,0.0,-0.39175777996848005,0.0,0.9200683897592439,0.36410844359470557,0.0,0.8832430163252029,0.0
0.9156958642594601,0.0,0.40187197486030346,0.0,1.0,0.0,-0.40187197486030346,0.0,0.9156958642594601,0.3692904434218701,0.0,0.8858093606840873,0.0
0.9111648041722041,0.0,0.4120421090590486,0.0,1.0,0.0,-0.4120421090590486,0.0,0.9111648041722041,0.37455489790773167,0.0,0.8883443202826633,0.0
0.9064728600425616,0.0,0.4222640808857161,0.0,1.0,0.0,-0.4222640808857161,0.0,0.9064728600425616,0.3799013562794375,0.0,0.8908454557560797,0.0
0.9016177541411959,0.0,0.43253372749114705,0.0,1.0,0.0,-0.43253372749114705,0.0,0.9016177541411959,0.3853293182932367,0.0,0.893310327579856,0.0
0.896597283445375,0.0,0.4428468260226935,0.0,1.0,0.0,-0.4428468260226935,0.0,0.896597283445375,0.39083823343667057,0.0,0.8957364975483298,0.0
0.8914093225807043,0.0,0.4531990948978273,0.0,1.0,0.0,-0.4531990948978273,0.0,0.8914093225807043,0.3964275001827739,0.0,0.8981215302825939,0.0
0.8860518267202465,0.0,0.4635861951845786,0.0,1.0,0.0,-0.4635861951845786,0.0,0.8860518267202465,0.4020964652975816,0.0,0.9004629947667488,0.0
0.8805228344376649,0.0,0.47400373208853597,0.0,1.0,0.0,-0.47400373208853597,0.0,0.8805228344376649,0.4078444232021948,0.0,0.9027584659112275,0.0
0.8748204705109924,0.0,0.4844472565459792,0.0,1.0,0.0,-0.4844472565459792,0.0,0.8748204705109924,0.41367061539062205,0.0,0.9050055261418642,0.0
0.8689429486736028,0.0,0.49491226692255724,0.0,1.0,0.0,-0.49491226692255724,0.0,0.8689429486736028,0.41957422990456694,0.0,0.9072017670133117,0.0
0.8628885743089316,0.0,0.5053942108167637,0.0,1.0,0.0,-0.5053942108167637,0.0,0.8628885743089316,0.4255544008662908,0.0,0.9093447908453371,0.0
0.856655747085489,0.0,0.5158884869672928,0.0,1.0,0.0,-0.5158884869672928,0.0,0.856655747085489,0.4316102080706242,0.0,0.9114322123804561,0.0
0.8502429635286872,0.0,0.5263904472632036,0.0,1.0,0.0,-0.5263904472632036,0.0,0.8502429635286872,0.43774067663715543,0.0,0.9134616604612937,0.0
0.8436488195260128,0.0,0.5368953988556479,0.0,1.0,0.0,-0.5368953988556479,0.0,0.8436488195260128,0.4439447767235629,0.0,0.9154307797260012,0.0
0.8368720127620745,0.0,0.547398606369759,0.0,1.0,0.0,-0.547398606369759,0.0,0.8368720127620745,0.4502214233010062,0.0,0.9173372323199852,0.0
0.8299113450800704,0.0,0.5578952942151317,0.0,1.0,0.0,-0.5578952942151317,0.0,0.8299113450800704,0.4565694759924232,0.0,0.9191786996221525,0.0
0.82276572476624,0.0,0.5683806489931583,0.0,1.0,0.0,-0.5683806489931583,0.0,0.82276572476624,0.46298773897452644,0.0,0.9209528839838075,0.0
0.8154341687538914,0.0,0.5788498219993249,0.0,1.0,0.0,-0.5788498219993249,0.0,0.8154341687538914,0.4694749609442128,0.0,0.9226575104782873,0.0
0.8079158047436292,0.0,0.5892979318184087,0.0,1.0,0.0,-0.5892979318184087,0.0,0.8079158047436292,0.476029835150046,0.0,0.924290328659367,0.0
0.8002098732364507,0.0,0.5997200670103541,0.0,1.0,0.0,-0.5997200670103541,0.0,0.8002098732364507,0.4826509994893877,0.0,0.9258491143264116,0.0
0.792315729476425,0.0,0.6101112888844464,0.0,1.0,0.0,-0.6101112888844464,0.0,0.792315729476425,0.4893370366716878,0.0,0.9273316712942095,0.0
0.7842328452997307,0.0,0.6204666343592447,0.0,1.0,0.0,-0.6204666343592447,0.0,0.7842328452997307,0.4960864744483615,0.0,0.9287358331653751,0.0
0.775960810886881,0.0,0.630781118905579,0.0,1.0,0.0,-0.630781118905579,0.0,0.775960810886881,0.5028977859096104,0.0,0.9300594651031681,0.0
0.7674993364150491,0.0,0.6410497395697616,0.0,1.0,0.0,-0.6410497395697616,0.0,0.7674993364150491,0.509769389848456,0.0,0.9313004656025379,0.0
0.758848253607476,0.0,0.6512674780740121,0.0,1.0,0.0,-0.6512674780740121,0.0,0.758848253607476,0.5166996511921751,0.0,0.9324567682571706,0.0
0.7500075171770281,0.0,0.661429303990948,0.0,1.0,0.0,-0.661429303990948,0.0,0.7500075171770281,0.5236868815012471,0.0,0.9335263435202823,0.0
0.7409772061610682,0.0,0.671530177988851,0.0,1.0,0.0,-0.671530177988851,0.0,0.7409772061610682,0.5307293395358259,0.0,0.9345072004568783,0.0
0.7317575251449002,0.0,0.6815650551442692,0.0,1.0,0.0,-0.6815650551442692,0.0,0.7317575251449002,0.5378252318896752,0.0,0.9353973884851727,0.0
0.7223488053711529,0.0,0.69152888831839,0.0,1.0,0.0,-0.69152888831839,0.0,0.7223488053711529,0.5449727136914042,0.0,0.9361949991048469,0.0
0.7127515057325827,0.0,0.7014166315934746,0.0,1.0,0.0,-0.7014166315934746,0.0,0.7127515057325827,0.55216988937276,0.0,0.9368981676098058,0.0
0.702966213645894,0.0,0.711223243765525,0.0,1.0,0.0,-0.711223243765525,0.0,0.702966213645894,0.5594148135036384,0.0,0.9375050747830856,0.0
0.6929936458042992,0.0,0.7209436918892248,0.0,1.0,0.0,-0.7209436918892248,0.0,0.6929936458042992,0.566705491693378,0.0,0.9380139485715541,0.0
0.6828346488066771,0.0,0.7305729548710805,0.0,1.0,0.0,-0.7305729548710805,0.0,0.6828346488066771,0.5740398815578205,0.0,0.9384230657380458,0.0
0.6724901996613187,0.0,0.7401060271065759,0.0,1.0,0.0,-0.7401060271065759,0.0,0.6724901996613187,0.5814158937515138,0.0,0.9387307534885753,0.0
0.6619614061624016,0.0,0.7495379221570421,0.0,1.0,0.0,-0.7495379221570421,0.0,0.6619614061624016,0.5888313930643508,0.0,0.9389353910722743,0.0
0.6512495071374758,0.0,0.7588636764618497,0.0,1.0,0.0,-0.7588636764618497,0.0,0.6512495071374758,0.5962841995818371,0.0,0.9390354113517132,0.0
0.6403558725644056,0.0,0.7680783530814279,0.0,1.0,0.0,-0.7680783530814279,0.0,0.6403558725644056,0.6037720899080864,0.0,0.9390293023412782,0.0
0.629282003556362,0.0,0.7771770454665339,0.0,1.0,0.0,-0.7771770454665339,0.0,0.629282003556362,0.6112927984505543,0.0,0.938915608711296,0.0
0.6180295322136358,0.0,0.7861548812491052,0.0,1.0,0.0,-0.7861548812491052,0.0,0.6180295322136358,0.6188440187654191,0.0,0.9386929332556175,0.0
0.6066002213412017,0.0,0.7950070260499621,0.0,1.0,0.0,-0.7950070260499621,0.0,0.6066002213412017,0.6264234049624324,0.0,0.9383599383204074,0.0
0.5949959640311426,0.0,0.8037286872985505,0.0,1.0,0.0,-0.8037286872985505,0.0,0.5949959640311426,0.6340285731679638,0.0,0.9379153471919047,0.0
0.5832187831092135,0.0,0.8123151180598625,0.0,1.0,0.0,-0.8123151180598625,0.0,0.5832187831092135,0.6416571030448792,0.0,0.9373579454409695,0.0
0.5712708304450154,0.0,0.8207616208636114,0.0,1.0,0.0,-0.8207616208636114,0.0,0.5712708304450154,0.6493065393677959,0.0,0.9366865822222614,0.0
0.559154386125425,0.0,0.8290635515307009,0.0,1.0,0.0,-0.8290635515307009,0.0,0.559154386125425,0.65697439365217,0.0,0.935900171525943,0.0
0.5468718574911126,0.0,0.8372163229919853,0.0,1.0,0.0,-0.8372163229919853,0.0,0.5468718574911126,0.6646581458355895,0.0,0.9349976933798508,0.0
0.5344257780361802,0.0,0.8452154090942873,0.0,1.0,0.0,-0.8452154090942873,0.0,0.5344257780361802,0.6723552460095503,0.0,0.9339781950001267,0.0
0.521818806171129,0.0,0.8530563483886265,0.0,1.0,0.0,-0.8530563483886265,0.0,0.521818806171129,0.6800631161999215,0.0,0.9328407918883616,0.0
0.5090537238495735,0.0,0.8607347478955885,0.0,1.0,0.0,-0.8607347478955885,0.0,0.5090537238495735,0.6877791521942092,0.0,0.9315846688733613,0.0
0.49613343505930185,0.0,0.8682462868427699,0.0,1.0,0.0,-0.8682462868427699,0.0,0.49613343505930185,0.6955007254136651,0.0,0.9302090810957131,0.0
0.48306096417849,0.0,0.875586720369232,0.0,1.0,0.0,-0.875586720369232,0.0,0.48306096417849,0.7032251848281945,0.0,0.9287133549333932,0.0
0.46983945419806217,0.0,0.882751883191912,0.0,1.0,0.0,-0.882751883191912,0.0,0.46983945419806217,0.7109498589119521,0.0,0.927096888866734,0.0
0.4564721648113996,0.0,0.8897376932289619,0.0,1.0,0.0,-0.8897376932289619,0.0,0.4564721648113996,0.718672057637441,0.0,0.9253591542811437,0.0
0.4429624703727866,0.0,0.896540155175014,0.0,1.0,0.0,-0.896540155175014,0.0,0.4429624703727866,0.7263890745058597,0.0,0.9234996962060433,0.0
0.42931385772618613,0.0,0.903155364023411,0.0,1.0,0.0,-0.903155364023411,0.0,0.42931385772618613,0.7340981886113771,0.0,0.9215181339885824,0.0
0.41552992390613075,0.0,0.9095795085304886,0.0,1.0,0.0,-0.9095795085304886,0.0,0.41552992390613075,0.7417966667369535,0.0,0.9194141619007625,0.0
0.40161437371270803,0.0,0.9158088746170508,0.0,1.0,0.0,-0.9158088746170508,0.0,0.40161437371270803,0.749481765479266,0.0,0.9171875496787033,0.0
0.38757101716281817,0.0,0.9218398487022452,0.0,1.0,0.0,-0.9218398487022452,0.0,0.38757101716281817,0.7571507334002443,0.0,0.9148381429928649,0.0
0.3734037668200604,0.0,0.92766892096512,0.0,1.0,0.0,-0.92766892096512,0.0,0.3734037668200604,0.7648008132026647,0.0,0.9123658638481394,0.0
0.35911663500581303,0.0,0.9332926885292211,0.0,1.0,0.0,-0.9332926885292211,0.0,0.35911663500581303,0.7724292439272107,0.0,0.9097707109128221,0.0
0.3447137308942376,0.0,0.9387078585656855,0.0,1.0,0.0,-0.9387078585656855,0.0,0.3447137308942376,0.780033263168356,0.0,0.9070527597755705,0.0
0.33019925749412504,0.0,0.9439112513103807,0.0,1.0,0.0,-0.9439112513103807,0.0,0.33019925749412504,0.787610109306399,0.0,0.9042121631295583,0.0
0.3155775085207009,0.0,0.948899802990741,0.0,1.0,0.0,-0.948899802990741,0.0,0.3155775085207009,0.7951570237529202,0.0,0.9012491508831404,0.0
0.30085286516064047,0.0,0.9536705686580841,0.0,1.0,0.0,-0.9536705686580841,0.0,0.30085286516064047,0.8026712532069347,0.0,0.898164030196444,0.0
0.28602979273376383,0.0,0.9582207249212887,0.0,1.0,0.0,-0.9582207249212887,0.0,0.28602979273376383,0.8101500519189482,0.0,0.8949571854434133,0.0
0.271112837255002,0.0,0.9625475725778663,0.0,1.0,0.0,-0.9625475725778663,0.0,0.271112837255002,0.8175906839601383,0.0,0.8916290780989371,0.0
0.2561066219004171,0.0,0.9666485391385831,0.0,1.0,0.0,-0.9666485391385831,0.0,0.2561066219004171,0.8249904254938374,0.0,0.8881802465508051,0.0
0.24101584338119975,0.0,0.9705211812419392,0.0,1.0,0.0,-0.9705211812419392,0.0,0.24101584338119975,0.8323465670464956,0.0,0.8846113058363445,0.0
0.22584526822972428,0.0,0.9741631869549597,0.0,1.0,0.0,-0.9741631869549597,0.0,0.22584526822972428,0.8396564157752884,0.0,0.8809229473036998,0.0
0.21059972900187274,0.0,0.9775723779569151,0.0,1.0,0.0,-0.9775723779569151,0.0,0.21059972900187274,0.8469172977295336,0.0,0.8771159381978342,0.0
0.1952841203999911,0.0,0.980746711602747,0.0,1.0,0.0,-0.980746711602747,0.0,0.1952841203999911,0.8541265601030754,0.0,0.8731911211714367,0.0
0.17990339532096633,0.0,0.9836842828631492,0.0,1.0,0.0,-0.9836842828631492,0.0,0.17990339532096633,0.8612815734748083,0.0,0.8691494137210427,0.0
0.16446256083402533,0.0,0.986383326138431,0.0,1.0,0.0,-0.986383326138431,0.0,0.16446256083402533,0.868379734034519,0.0,0.8649918075487708,0.0
0.1489666740929888,0.0,0.9888422169434683,0.0,1.0,0.0,-0.9888422169434683,0.0,0.1489666740929888,0.8754184657912389,0.0,0.8607193678502111,0.0
0.13342083818781458,0.0,0.9910594734612354,0.0,1.0,0.0,-0.9910594734612354,0.0,0.13342083818781458,0.882395222761323,0.0,0.8563332325290947,0.0
0.11783019794035887,0.0,0.9930337579626062,0.0,1.0,0.0,-0.9930337579626062,0.0,0.11783019794035887,0.8893074911334944,0.0,0.8518346113394942,0.0
0.10219993564938834,0.0,0.9947638780903039,0.0,1.0,0.0,-0.9947638780903039,0.0,0.10219993564938834,0.8961527914081204,0.0,0.8472247849564125,0.0
0.0865352667899556,0.0,0.9962487880050802,0.0,1.0,0.0,-0.9962487880050802,0.0,0.0865352667899556,0.902928680508025,0.0,0.8425051039757264,0.0
0.07084143567231871,0.0,0.9974875893924118,0.0,1.0,0.0,-0.9974875893924118,0.0,0.07084143567231871,0.909632753858179,0.0,0.8376769878445558,0.0
0.05512371106567315,0.0,0.9984795323282036,0.0,1.0,0.0,-0.9984795323282036,0.0,0.05512371106567315,0.9162626474316475,0.0,0.8327419237232422,0.0
0.03938738179199386,0.0,0.9992240160022035,0.0,1.0,0.0,-0.9992240160022035,0.0,0.03938738179199386,0.9228160397592331,0.0,0.8277014652802162,0.0
0.02363775229536602,0.0,0.9997205892980413,0.0,1.0,0.0,-0.9997205892980413,0.0,0.02363775229536602,0.9292906539002959,0.0,0.8225572314211386,0.0
0.007880138192203678,0.0,0.9999689512290229,0.0,1.0,0.0,-0.9999689512290229,0.0,0.007880138192203678,0.9356842593722876,0.0,0.8173109049538059,0.0
-0.00788013819220379,0.0,0.9999689512290229,0.0,1.0,0.0,-0.9999689512290229,0.0,-0.00788013819220379,0.9419946740366043,0.0,0.8119642311903955,0.0
-0.02363775229536591,0.0,0.9997205892980413,0.0,1.0,0.0,-0.9997205892980413,0.0,-0.02363775229536591,0.948219765938425,0.0,0.8065190164887328,0.0
-0.03938738179199408,0.0,0.9992240160022035,0.0,1.0,0.0,-0.9992240160022035,0.0,-0.03938738179199408,0.9543574550982619,0.0,0.8009771267343482,0.0
-0.055123711065673486,0.0,0.9984795323282036,0.0,1.0,0.0,-0.9984795323282036,0.0,-0.055123711065673486,0.9604057152530387,0.0,0.7953404857651829,0.0
-0.0708414356723186,0.0,0.9974875893924118,0.0,1.0,0.0,-0.9974875893924118,0.0,-0.0708414356723186,0.966362575544572,0.0,0.7896110737408875,0.0
-0.08653526678995549,0.0,0.9962487880050802,0.0,1.0,0.0,-0.9962487880050802,0.0,-0.08653526678995549,0.9722261221534216,0.0,0.7837909254587417,0.0
-0.10219993564938812,0.0,0.9947638780903039,0.0,1.0,0.0,-0.9947638780903039,0.0,-0.10219993564938812,0.9779944998761505,0.0,0.7778821286183026,0.0
-0.1178301979403582,0.0,0.9930337579626062,0.0,1.0,0.0,-0.9930337579626062,0.0,-0.1178301979403582,0.9836659136441335,0.0,0.7718868220369609,0.0
-0.13342083818781414,0.0,0.9910594734612354,0.0,1.0,0.0,-0.9910594734612354,0.0,-0.13342083818781414,0.9892386299821245,0.0,0.7658071938186626,0.0
-0.1489666740929887,0.0,0.9888422169434683,0.0,1.0,0.0,-0.9888422169434683,0.0,-0.1489666740929887,0.9947109784049042,0.0,0.7596454794781183,0.0
-0.16446256083402444,0.0,0.9863833261384313,0.0,1.0,0.0,-0.9863833261384313,0.0,-0.16446256083402444,1.0000813527504062,0.0,0.7534039600228851,0.0
-0.17990339532096655,0.0,0.9836842828631491,0.0,1.0,0.0,-0.9836842828631491,0.0,-0.17990339532096655,1.0053482124478383,0.0,0.747084959995767,0.0
-0.1952841203999902,0.0,0.9807467116027472,0.0,1.0,0.0,-0.9807467116027472,0.0,-0.1952841203999902,1.0105100837193879,0.0,0.7406908454800432,0.0
-0.21059972900187218,0.0,0.9775723779569153,0.0,1.0,0.0,-0.9775723779569153,0.0,-0.21059972900187218,1.015565560714233,0.0,0.7342240220700637,0.0
-0.22584526822972384,0.0,0.9741631869549598,0.0,1.0,0.0,-0.9741631869549598,0.0,-0.22584526822972384,1.0205133065736514,0.0,0.7276869328098321,0.0
-0.24101584338119975,0.0,0.9705211812419392,0.0,1.0,0.0,-0.9705211812419392,0.0,-0.24101584338119975,1.02535205442616,0.0,0.7210820561022003,0.0
-0.2561066219004162,0.0,0.9666485391385833,0.0,1.0,0.0,-0.9666485391385833,0.0,-0.2561066219004162,1.030080608311691,0.0,0.7144119035913725,0.0
-0.2711128372550018,0.0,0.9625475725778664,0.0,1.0,0.0,-0.9625475725778664,0.0,-0.2711128372550018,1.0346978440339438,0.0,0.7076790180214182,0.0
-0.28602979273376383,0.0,0.9582207249212887,0.0,1.0,0.0,-0.9582207249212887,0.0,-0.28602979273376383,1.0392027099401462,0.0,0.7008859710735545,0.0
-0.3008528651606399,0.0,0.9536705686580843,0.0,1.0,0.0,-0.9536705686580843,0.0,-0.3008528651606399,1.0435942276275754,0.0,0.6940353611849498,0.0
-0.31557750852070043,0.0,0.9488998029907412,0.0,1.0,0.0,-0.9488998029907412,0.0,-0.31557750852070043,1.0478714925762973,0.0,0.6871298113518451,0.0
-0.3301992574941246,0.0,0.9439112513103808,0.0,1.0,0.0,-0.9439112513103808,0.0,-0.3301992574941246,1.052033674707694,0.0,0.6801719669197946,0.0
-0.3447137308942374,0.0,0.9387078585656856,0.0,1.0,0.0,-0.9387078585656856,0.0,-0.3447137308942374,1.0560800188684614,0.0,0.6731644933638304,0.0
-0.35911663500581303,0.0,0.9332926885292211,0.0,1.0,0.0,-0.9332926885292211,0.0,-0.35911663500581303,1.0600098452398656,0.0,0.666110074061378,0.0
-0.3734037668200598,0.0,0.9276689209651202,0.0,1.0,0.0,-0.9276689209651202,0.0,-0.3734037668200598,1.0638225496721687,0.0,0.6590114080607288,0.0
-0.38757101716281794,0.0,0.9218398487022454,0.0,1.0,0.0,-0.9218398487022454,0.0,-0.38757101716281794,1.067517603944229,0.0,0.651871207847893,0.0
-0.40161437371270825,0.0,0.9158088746170508,0.0,1.0,0.0,-0.9158088746170508,0.0,-0.40161437371270825,1.0710945559484026,0.0,0.6446921971146309,0.0
-0.41552992390613075,0.0,0.9095795085304886,0.0,1.0,0.0,-0.9095795085304886,0.0,-0.41552992390613075,1.074553029800983,0.0,0.6374771085304526,0.0
-0.42931385772618635,0.0,0.9031553640234109,0.0,1.0,0.0,-0.9031553640234109,0.0,-0.42931385772618635,1.077892725878507,0.0,0.6302286815213649,0.0
-0.4429624703727866,0.0,0.8965401551750141,0.0,1.0,0.0,-0.8965401551750141,0.0,-0.4429624703727866,1.0811134207803872,0.0,0.6229496600581077,0.0
-0.45647216481139985,0.0,0.8897376932289618,0.0,1.0,0.0,-0.8897376932289618,0.0,-0.45647216481139985,1.0842149672184094,0.0,0.615642790456609,0.0
-0.46983945419806195,0.0,0.8827518831919121,0.0,1.0,0.0,-0.8827518831919121,0.0,-0.46983945419806195,1.08719729383376,0.0,0.6083108191933491,0.0
-0.48306096417849,0.0,0.8755867203692319,0.0,1.0,0.0,-0.8755867203692319,0.0,-0.48306096417849,1.0900604049423293,0.0,0.6009564907382876,0.0
-0.4961334350593014,0.0,0.8682462868427702,0.0,1.0,0.0,-0.8682462868427702,0.0,-0.4961334350593014,1.092804380209154,0.0,0.5935825454079771,0.0
-0.5090537238495736,0.0,0.8607347478955883,0.0,1.0,0.0,-0.8607347478955883,0.0,-0.5090537238495736,1.0954293742529475,0.0,0.5861917172414257,0.0
-0.5218188061711295,0.0,0.8530563483886262,0.0,1.0,0.0,-0.8530563483886262,0.0,-0.5218188061711295,1.0979356161817615,0.0,0.5787867319012503,0.0
-0.5344257780361803,0.0,0.8452154090942873,0.0,1.0,0.0,-0.8452154090942873,0.0,-0.5344257780361803,1.1003234090609235,0.0,0.5713703046025784,0.0
-0.5468718574911131,0.0,0.8372163229919849,0.0,1.0,0.0,-0.8372163229919849,0.0,-0.5468718574911131,1.1025931293144724,0.0,0.5639451380721305,0.0
-0.5591543861254251,0.0,0.8290635515307008,0.0,1.0,0.0,-0.8290635515307008,0.0,-0.5591543861254251,1.1047452260614106,0.0,0.556513920539842,0.0
-0.5712708304450158,0.0,0.820761620863611,0.0,1.0,0.0,-0.820761620863611,0.0,-0.5712708304450158,1.1067802203881643,0.0,0.5490793237653183,0.0
-0.5832187831092135,0.0,0.8123151180598623,0.0,1.0,0.0,-0.8123151180598623,0.0,-0.5832187831092135,1.1086987045587373,0.0,0.5416440011013681,0.0
-0.5949959640311426,0.0,0.8037286872985505,0.0,1.0,0.0,-0.8037286872985505,0.0,-0.5949959640311426,1.1105013411641027,0.0,0.5342105855967745,0.0
-0.6066002213412021,0.0,0.7950070260499618,0.0,1.0,0.0,-0.7950070260499618,0.0,-0.6066002213412021,1.1121888622124667,0.0,0.5267816881404019,0.0
-0.6180295322136353,0.0,0.7861548812491054,0.0,1.0,0.0,-0.7861548812491054,0.0,-0.6180295322136353,1.1137620681620986,0.0,0.519359895648666,0.0
-0.6292820035563618,0.0,0.7771770454665341,0.0,1.0,0.0,-0.7771770454665341,0.0,-0.6292820035563618,1.1152218268984888,0.0,0.5119477692983045,0.0
-0.6403558725644054,0.0,0.7680783530814281,0.0,1.0,0.0,-0.7680783530814281,0.0,-0.6403558725644054,1.1165690726576623,0.0,0.5045478428063294,0.0
-0.6512495071374755,0.0,0.7588636764618498,0.0,1.0,0.0,-0.7588636764618498,0.0,-0.6512495071374755,1.1178048048975278,0.0,0.4971626207589361,0.0
-0.6619614061624017,0.0,0.7495379221570418,0.0,1.0,0.0,-0.7495379221570418,0.0,-0.6619614061624017,1.1189300871192018,0.0,0.4897945769910848,0.0
-0.6724901996613186,0.0,0.740106027106576,0.0,1.0,0.0,-0.740106027106576,0.0,-0.6724901996613186,1.1199460456402976,0.0,0.4824461530183707,0.0
-0.682834648806677,0.0,0.7305729548710805,0.0,1.0,0.0,-0.7305729548710805,0.0,-0.682834648806677,1.1208538683222076,0.0,0.47511975652271543,0.0
-0.6929936458042993,0.0,0.7209436918892247,0.0,1.0,0.0,-0.7209436918892247,0.0,-0.6929936458042993,1.1216548032534608,0.0,0.46781775989333707,0.0
-0.7029662136458941,0.0,0.7112232437655248,0.0,1.0,0.0,-0.7112232437655248,0.0,-0.7029662136458941,1.1223501573912702,0.0,0.4605424988243465,0.0
-0.7127515057325828,0.0,0.7014166315934744,0.0,1.0,0.0,-0.7014166315934744,0.0,-0.7127515057325828,1.1229412951634123,0.0,0.45329627097024844,0.0
-0.7223488053711533,0.0,0.6915288883183894,0.0,1.0,0.0,-0.6915288883183894,0.0,-0.7223488053711533,1.1234296370326233,0.0,0.44608133466051947,0.0
-0.7317575251448996,0.0,0.6815650551442697,0.0,1.0,0.0,-0.6815650551442697,0.0,-0.7317575251448996,1.123816658025711,0.0,0.4388999076743583,0.0
-0.7409772061610682,0.0,0.6715301779888507,0.0,1.0,0.0,-0.6715301779888507,0.0,-0.7409772061610682,1.1241038862296089,0.0,0.4317541660765935,0.0
-0.750007517177028,0.0,0.6614293039909481,0.0,1.0,0.0,-0.6614293039909481,0.0,-0.750007517177028,1.1242929012566112,0.0,0.42464624311566884,0.0
-0.7588482536074763,0.0,0.6512674780740116,0.0,1.0,0.0,-0.6512674780740116,0.0,-0.7588482536074763,1.1243853326810418,0.0,0.41757822818449797,0.0
-0.7674993364150489,0.0,0.641049739569762,0.0,1.0,0.0,-0.641049739569762,0.0,-0.7674993364150489,1.1243828584496274,0.0,0.4105521658449274,0.0
-0.7759608108868812,0.0,0.630781118905579,0.0,1.0,0.0,-0.630781118905579,0.0,-0.7759608108868812,1.1242872032678246,0.0,0.40357005491641934,0.0
-0.7842328452997309,0.0,0.6204666343592444,0.0,1.0,0.0,-0.6204666343592444,0.0,-0.7842328452997309,1.124100136964386,0.0,0.39663384762950765,0.0
-0.7923157294764249,0.0,0.6101112888844464,0.0,1.0,0.0,-0.6101112888844464,0.0,-0.7923157294764249,1.123823472836409,0.0,0.3897454488444551,0.0
-0.8002098732364502,0.0,0.5997200670103546,0.0,1.0,0.0,-0.5997200670103546,0.0,-0.8002098732364502,1.1234590659771375,0.0,0.3829067153354802,0.0
-0.8079158047436295,0.0,0.5892979318184087,0.0,1.0,0.0,-0.5892979318184087,0.0,-0.8079158047436295,1.1230088115887442,0.0,0.3761194551408146,0.0
-0.8154341687538915,0.0,0.578849821999325,0.0,1.0,0.0,-0.578849821999325,0.0,-0.8154341687538915,1.1224746432823292,0.0,0.36938542697877197,0.0
-0.8227657247662394,0.0,0.568380648993159,0.0,1.0,0.0,-0.568380648993159,0.0,-0.8227657247662394,1.1218585313673313,0.0,0.36270633972991406,0.0
-0.8299113450800701,0.0,0.5578952942151321,0.0,1.0,0.0,-0.5578952942151321,0.0,-0.8299113450800701,1.1211624811325436,0.0,0.35608385198532505,0.0
-0.8368720127620741,0.0,0.5473986063697592,0.0,1.0,0.0,-0.5473986063697592,0.0,-0.8368720127620741,1.120388531120875,0.0,0.3495195716609179,0.0
-0.8436488195260123,0.0,0.5368953988556486,0.0,1.0,0.0,-0.5368953988556486,0.0,-0.8436488195260123,1.119538751399994,0.0,0.343015055677602,0.0
-0.8502429635286868,0.0,0.526390447263204,0.0,1.0,0.0,-0.526390447263204,0.0,-0.8502429635286868,1.118615241830928,0.0,0.3365718097070799,0.0
-0.856655747085489,0.0,0.5158884869672927,0.0,1.0,0.0,-0.5158884869672927,0.0,-0.856655747085489,1.1176201303366835,0.0,0.33019128798295183,0.0
-0.8628885743089316,0.0,0.5053942108167636,0.0,1.0,0.0,-0.5053942108167636,0.0,-0.8628885743089316,1.1165555711728832,0.0,0.323874893176727,0.0
-0.8689429486736022,0.0,0.49491226692255813,0.0,1.0,0.0,-0.49491226692255813,0.0,-0.8689429486736022,1.1154237432023881,0.0,0.31762397633827266,0.0
-0.8748204705109925,0.0,0.48444725654597875,0.0,1.0,0.0,-0.48444725654597875,0.0,-0.8748204705109925,1.1142268481758246,0.0,0.31143983690015575,0.0
-0.880522834437665,0.0,0.47400373208853575,0.0,1.0,0.0,-0.47400373208853575,0.0,-0.880522834437665,1.1129671090198767,0.0,0.3053237227452718,0.0
-0.8860518267202464,0.0,0.4635861951845789,0.0,1.0,0.0,-0.4635861951845789,0.0,-0.8860518267202464,1.111646768135155,0.0,0.2992768303370618,0.0
-0.8914093225807047,0.0,0.4531990948978265,0.0,1.0,0.0,-0.4531990948978265,0.0,-0.8914093225807047,1.110268085705402,0.0,0.29330030491158565,0.0
-0.896597283445375,0.0,0.44284682602269376,0.0,1.0,0.0,-0.44284682602269376,0.0,-0.896597283445375,1.1088333380197268,0.0,0.2873952407306431,0.0
-0.901617754141196,0.0,0.43253372749114677,0.0,1.0,0.0,-0.43253372749114677,0.0,-0.901617754141196,1.1073448158095063,0.0,0.2815626813950543,0.0
-0.9064728600425616,0.0,0.42226408088571626,0.0,1.0,0.0,-0.42226408088571626,0.0,-0.9064728600425616,1.105804822601521,0.0,0.2758036202172017,0.0
-0.9111648041722042,0.0,0.4120421090590485,0.0,1.0,0.0,-0.4120421090590485,0.0,-0.9111648041722042,1.1042156730888326,0.0,0.27011900065182276,0.0
-0.9156958642594601,0.0,0.4018719748603033,0.0,1.0,0.0,-0.4018719748603033,0.0,-0.9156958642594601,1.1025796915208457,0.0,0.26450971678404367,0.0
-0.9200683897592437,0.0,0.39175777996848044,0.0,1.0,0.0,-0.39175777996848044,0.0,-0.9200683897592437,1.1008992101139081,0.0,0.25897661387355625,0.0
-0.9242847988350027,0.0,0.38170356383264054,0.0,1.0,0.0,-0.38170356383264054,0.0,-0.9242847988350027,1.0991765674837581,0.0,0.2535204889538147,0.0
-0.9283475753088695,0.0,0.37171330271883346,0.0,1.0,0.0,-0.37171330271883346,0.0,-0.9283475753088695,1.0974141071010353,0.0,0.2481420914850868,0.0
-0.9322592655821844,0.0,0.36179090886334625,0.0,1.0,0.0,-0.36179090886334625,0.0,-0.9322592655821844,1.0956141757709967,0.0,0.24284212406012784,0.0
-0.9360224755294682,0.0,0.3519402297318196,0.0,1.0,0.0,-0.3519402297318196,0.0,-0.9360224755294682,1.0937791221385187,0.0,0.23762124316124855,0.0
-0.9396398673688837,0.0,0.3421650473835493,0.0,1.0,0.0,-0.3421650473835493,0.0,-0.9396398673688837,1.09191129521937,0.0,0.23248005996747934,0.0
-0.9431141565121368,0.0,0.33246907794019076,0.0,1.0,0.0,-0.33246907794019076,0.0,-0.9431141565121368,1.0900130429586692,0.0,0.22741914121051,0.0
-0.946448108396682,0.0,0.32285597115794884,0.0,1.0,0.0,-0.32285597115794884,0.0,-0.946448108396682,1.0880867108173655,0.0,0.22243901007806832,0.0
-0.9496445353030261,0.0,0.3133293101021666,0.0,1.0,0.0,-0.3133293101021666,0.0,-0.9496445353030261,1.0861346403874914,0.0,0.2175401471633559,0.0
-0.9527062931598267,0.0,0.3038926109231063,0.0,1.0,0.0,-0.3038926109231063,0.0,-0.9527062931598267,1.0841591680368583,0.0,0.21272299145914053,0.0
-0.9556362783393859,0.0,0.2945493227316055,0.0,1.0,0.0,-0.2945493227316055,0.0,-0.9556362783393859,1.0821626235837871,0.0,0.20798794139509813,0.0
-0.9584374244460534,0.0,0.285302827573117,0.0,1.0,0.0,-0.285302827573117,0.0,-0.9584374244460534,1.0801473290023795,0.0,0.2033353559169525,0.0
-0.9611126990999392,0.0,0.27615644049855076,0.0,1.0,0.0,-0.27615644049855076,0.0,-0.9611126990999392,1.0781155971587488,0.0,0.19876555560596532,0.0
-0.9636651007182426,0.0,0.2671134097302106,0.0,1.0,0.0,-0.2671134097302106,0.0,-0.9636651007182426,1.0760697305785583,0.0,0.19427882383731254,0.0
-0.9660976552963909,0.0,0.25817691692096667,0.0,1.0,0.0,-0.25817691692096667,0.0,-0.9660976552963909,1.0740120202461125,0.0,0.18987540797585434,0.0
-0.9684134131910689,0.0,0.2493500775047489,0.0,1.0,0.0,-0.2493500775047489,0.0,-0.9684134131910689,1.07194474443519,0.0,0.18555552060783131,0.0
-0.9706154459071166,0.0,0.24063594113625048,0.0,1.0,0.0,-0.24063594113625048,0.0,-0.9706154459071166,1.0698701675716822,0.0,0.18131934080696532,0.0
-0.9727068428901426,0.0,0.23203749221772624,0.0,1.0,0.0,-0.23203749221772624,0.0,-0.9727068428901426,1.0677905391280766,0.0,0.17716701543349667,0.0
-0.9746907083265954,0.0,0.22355765051055543,0.0,1.0,0.0,-0.22355765051055543,0.0,-0.9746907083265954,1.0657080925496747,0.0,0.17309866046462896,0.0
-0.9765701579529142,0.0,0.2151992718292052,0.0,1.0,0.0,-0.2151992718292052,0.0,-0.9765701579529142,1.0636250442124047,0.0,0.16911436235488764,0.0
-0.978348315875246,0.0,0.20696514881513203,0.0,1.0,0.0,-0.20696514881513203,0.0,-0.978348315875246,1.0615435924119818,0.0,0.16521417942490169,0.0
-0.9800283114011132,0.0,0.19885801178801654,0.0,1.0,0.0,-0.19885801178801654,0.0,-0.9800283114011132,1.0594659163840903,0.0,0.16139814327709423,0.0
-0.9816132758842793,0.0,0.1908805296716603,0.0,1.0,0.0,-0.1908805296716603,0.0,-0.9816132758842793,1.057394175355176,0.0,0.1576662602367911,0.0
-0.9831063395839403,0.0,0.18303531099180423,0.0,1.0,0.0,-0.18303531099180423,0.0,-0.9831063395839403,1.0553305076233792,0.0,0.15401851281726653,0.0
-0.9845106285392373,0.0,0.17532490494301137,0.0,1.0,0.0,-0.17532490494301137,0.0,-0.9845106285392373,1.0532770296690273,0.0,0.1504548612072455,0.0
-0.9858292614599833,0.0,0.1677518025216537,0.0,1.0,0.0,-0.1677518025216537,0.0,-0.9858292614599833,1.0512358352940483,0.0,0.14697524477937063,0.0
-0.9870653466343415,0.0,0.16031843772201362,0.0,1.0,0.0,-0.16031843772201362,0.0,-0.9870653466343415,1.0492089947895833,0.0,0.1435795836181939,0.0
-0.98822197885409,0.0,0.15302718879240584,0.0,1.0,0.0,-0.15302718879240584,0.0,-0.98822197885409,1.0471985541310014,0.0,0.1402677800662293,0.0
-0.9893022363579771,0.0,0.14588037954812663,0.0,1.0,0.0,-0.14588037954812663,0.0,-0.9893022363579771,1.0452065341994359,0.0,0.13703972028662614,0.0
-0.9903091777935509,0.0,0.13888028073798486,0.0,1.0,0.0,-0.13888028073798486,0.0,-0.9903091777935509,1.043234930028899,0.0,0.1338952758410269,0.0
-0.9912458391977181,0.0,0.13202911146111518,0.0,1.0,0.0,-0.13202911146111518,0.0,-0.9912458391977181,1.0412857100779496,0.0,0.13083430528120465,0.0
-0.99211523099618,0.0,0.12532904063063774,0.0,1.0,0.0,-0.12532904063063774,0.0,-0.99211523099618,1.0393608155248142,0.0,0.12785665575305327,0.0
-0.992920335021759,0.0,0.11878218848075676,0.0,1.0,0.0,-0.11878218848075676,0.0,-0.992920335021759,1.0374621595848088,0.0,0.12496216461156329,0.0
-0.9936641015515266,0.0,0.112390628113725,0.0,1.0,0.0,-0.112390628113725,0.0,-0.9936641015515266,1.0355916268488123,0.0,0.12215066104538008,0.0
-0.9943494463625269,0.0,0.10615638708309694,0.0,1.0,0.0,-0.10615638708309694,0.0,-0.9943494463625269,1.0337510726414965,0.0,0.11942196770958502,0.0
-0.9949792478057717,0.0,0.10008144900959637,0.0,1.0,0.0,-0.10008144900959637,0.0,-0.9949792478057717,1.0319423223979365,0.0,0.1167759023653343,0.0
-0.9955563438980808,0.0,0.09416775522590849,0.0,1.0,0.0,-0.09416775522590849,0.0,-0.9955563438980808,1.030167171057181,0.0,0.11421227952502977,0.0
-0.9960835294312349,0.0,0.08841720644656345,0.0,1.0,0.0,-0.08841720644656345,0.0,-0.9960835294312349,1.028427382471263,0.0,0.11173091210165764,0.0
-0.9965635530978121,0.0,0.08283166445909501,0.0,1.0,0.0,-0.08283166445909501,0.0,-0.9965635530978121,1.0267246888281116,0.0,0.10933161306098893,0.0
-0.9969991146329673,0.0,0.07741295383254132,0.0,1.0,0.0,-0.07741295383254132,0.0,-0.9969991146329673,1.0250607900867297,0.0,0.10701419707531534,0.0
-0.9973928619713353,0.0,0.07216286363933416,0.0,1.0,0.0,-0.07216286363933416,0.0,-0.9973928619713353,1.0234373534229666,0.0,0.10477848217741392,0.0
-0.9977473884181396,0.0,0.06708314918652827,0.0,1.0,0.0,-0.06708314918652827,0.0,-0.9977473884181396,1.021856012684153,0.0,0.10262429141343188,0.0
-0.9980652298335115,0.0,0.062175533752270896,0.0,1.0,0.0,-0.062175533752270896,0.0,-0.9980652298335115,1.0203183678507957,0.0,0.10055145449339042,0.0
-0.9983488618289331,0.0,0.05744171032336779,0.0,1.0,0.0,-0.05744171032336779,0.0,-0.9983488618289331,1.0188259845035075,0.0,0.09855980943801101,0.0
-0.9986006969746577,0.0,0.052883343329708045,0.0,1.0,0.0,-0.052883343329708045,0.0,-0.9986006969746577,1.0173803932932564,0.0,0.09664920422056267,0.0
